"combo_id","lac_0","mu_0","gam_0","laa_0","K_0","K_1","mu_1","laa_1","lambda0"
1,0.694866280186083,0.373030180923841,0.151767915462102,1.69556115396102,89,102.198775792541,0.00153813941610977,0.0159980291407276,0.325706213243306
2,0.14072917996794,0.271494871141412,0.140814319702364,0.928716228297865,37,58.2931827499531,0.0108666181961168,0.0102303977589961,0.553306085252203
3,0.488457594699459,0.313980260928604,0.151195621456034,1.26991894136835,39,53.0302654399071,0.00240761273922399,0.00727779102246277,0.707414371746592
4,0.733874209740711,0.215295797161651,0.109387802300793,1.82016453223033,35,135.330725065875,0.00307276527979411,0.00336875827619806,0.899530575640034
5,0.812587469873857,0.379907991939518,0.143566420470332,1.31835021427898,87,63.0265675162431,0.016996120459009,0.0133422875642776,0.156814115892164
6,0.412736218155036,0.3618577208021,0.190173017088245,0.153002058546292,40,51.2257863208652,0.0126522891416587,0.00997276667061262,0.5436875848989
7,0.861613620725321,0.424149901369042,0.116499816509867,0.472546655013924,28,122.527174124261,0.00632895467485301,0.0168664990348928,0.604929132979363
8,0.946843250841321,0.0943190679554967,0.138633355902345,1.65753769728397,29,52.3445380058605,0.00220959687527269,0.0123095112110861,0.432882016315125
9,0.481146525897272,0.0768954638705263,0.0479065059360722,0.200676137239207,79,31.5973499917192,0.00764441250978038,0.00259843312107958,0.937054937859532
10,0.617486797466502,0.337571035290733,0.0387980897085788,1.08732813766249,91,126.717204031628,0.00864110743158497,0.00395379465222359,0.847323895113543
11,0.554297888016654,0.350398237799061,0.154552988467296,0.722311766919587,88,15.1878702740651,0.00133331414150074,0.00590529660467058,0.573288070375565
12,0.167774470510101,0.436972518152753,0.170662332308348,0.646142873529391,44,125.875667538308,0.00972271448681131,0.00734529728148133,0.231489460154902
13,0.428348671183502,0.395881234158776,0.074809437868637,1.3924658761553,45,122.253764390177,0.0199373092683591,0.00900769806846976,0.187142419565469
14,0.620175421910873,0.0905265656590508,0.183621650907365,0.884713088252535,51,52.1320058017038,0.0165089307766035,0.00276135050434619,0.530702437976375
15,0.100170720666321,0.292691274487632,0.165869376193965,0.292467202337831,53,145.22846710179,0.0138008531225566,0.0134490534317587,0.460720114183147
16,0.621135817523068,0.238468069548975,0.123874816801134,0.457670101349521,67,21.8144421975827,0.008041364095686,0.00462886154589243,0.200641033857595
17,0.970290646513551,0.496908643910959,0.194436156626651,1.75416875220113,75,20.6000272701262,0.0186578283647727,0.00210259108796716,0.580771932673175
18,0.997666356717516,0.192785606558141,0.0202790007650666,1.71286670118282,87,19.2359516966622,0.00681969279408455,0.00268754922223277,0.368776548622642
19,0.344245554844243,0.459276719396268,0.019988952753013,1.66355294714915,58,136.247981989849,0.0139753607764002,0.0167228817444015,0.564465832571033
20,0.459811145177949,0.0317789454328502,0.16576849063315,0.593395931235095,73,44.6997117304243,0.0164211373343226,0.0172068002272304,0.966103813394904
21,0.16576875408208,0.219887096125567,0.133957762204963,0.314315022233361,24,108.394019718748,0.00463722712862305,0.0118120439735334,0.827540145525243
22,0.665664382097358,0.264343182063764,0.188563172261203,1.77314613276911,94,78.1045985081932,0.00351883883734234,0.0174583439453039,0.490789531055838
23,0.869855839290237,0.220835024871398,0.0485380770021677,0.467125798737397,54,140.427243562834,0.0195797671553679,0.0100904350700323,0.172347768205684
24,0.130969027060689,0.449061662132405,0.149531809271891,1.55200398749323,54,124.39138687416,0.00759116318230517,0.00927073583426885,0.532408327590674
25,0.857444825157058,0.162705299254511,0.196452749550003,0.890144862921722,83,93.1103064044612,0.00205859818927012,0.00688381481712684,0.284397363360506
26,0.6019913244911,0.157004270269,0.137557345866109,0.974641907249996,45,114.796918748226,0.0116554233895149,0.00196869192788377,0.372096798636951
27,0.478830257658428,0.472273572380026,0.123149078392778,0.861309569453122,81,115.602647605422,0.00215813785056584,0.00548371869662777,0.164043224502821
28,0.263364721015841,0.0562228551433887,0.056975377764618,1.84016061653933,84,40.2745255642338,0.00745709745470434,0.00777671407206915,0.129392394478433
29,0.852893730299501,0.0325587374280253,0.0220768792269239,0.370932925223094,95,42.6483675837982,0.00415913796118461,0.00090273545268923,0.772128087368328
30,0.319114873689739,0.467807610271433,0.151440546880146,1.93905489572966,79,80.5416873813607,0.0192773024924379,0.0187135471076332,0.589605662179645
31,0.188299104247289,0.0647939115992933,0.0185378991493722,1.53566674209554,41,48.6892117292387,0.00791689700619318,0.00765895122982562,0.952533274324145
32,0.894944855046365,0.414601341472222,0.0140016589230997,1.38642486828901,46,55.6865782342851,0.0195175653703045,0.0184065590240434,0.470721300044097
33,0.928110578576103,0.37640347732563,0.0745781283670431,0.156230005065864,22,118.674860587483,0.00392485909613781,0.0178275725029595,0.10908291526651
34,0.228765165987564,0.261721765663261,0.126550886541596,0.943284523824742,85,46.5385229636449,0.00353325030820444,0.0162783860216942,0.0767567671569996
35,0.2801713458905,0.136907833533669,0.113960762673817,1.23410532365059,46,103.693372029997,0.00844877504161559,0.00325801834686659,0.445779146148358
36,0.772413802468963,0.177929604084189,0.152902834112425,1.77104239250841,64,41.7477792284684,0.000259765015169978,0.00762843239208683,0.602053009299561
37,0.626033540604264,0.217852971165157,0.0463624477940705,1.87657600769657,66,33.695454185782,0.00290710062443279,0.0104853911099676,0.683135172619019
38,0.667842525240919,0.113502908219062,0.142275956246443,0.190317447382444,23,23.4424832590856,0.00434549749125727,0.0162235613368265,0.43419567832863
39,0.787009067483479,0.118239956929069,0.173131253080931,0.4176653318692,92,38.3387406717287,0.0170276068000309,0.00737843429658562,0.349818105082028
40,0.309412488253554,0.259242939445167,0.150175980885872,1.82411960367486,33,37.87271596645,0.0145647349478677,0.00781322557904758,0.697539448013529
41,0.983273934323015,0.363727084457148,0.0582116969843442,1.07894306963091,59,63.5418423565105,0.0187585451139603,0.00675245673649944,0.69321072145598
42,0.541388273046538,0.304659728575521,0.067299154757862,1.26280080965743,58,49.512893647654,0.0166378566750418,0.0153268909517489,0.639437116113957
43,0.756845073712151,0.114519668989424,0.193456400389303,1.10420028000721,69,124.781904488755,0.000600863755410537,0.00973708124849014,0.494547375968192
44,0.672677597484272,0.141477791660912,0.114218685924374,0.715238125467906,24,129.558945135958,0.00439631732274778,0.0185118567910511,0.888744472553488
45,0.509003088709153,0.370554172308659,0.08433433867577,0.246432145581534,75,66.4902964055305,0.00251399486602284,0.0108534290167969,0.469127474177629
46,0.778926338426815,0.0207066353104403,0.033287911310182,1.47739558373657,25,59.3816225401126,0.0183241960769333,0.00556728061831556,0.946555387515109
47,0.456229302753974,0.411118185929079,0.0296342918734532,0.218726705844747,32,48.0331967823207,0.0182471541485563,0.0175358664299268,0.2350496805734
48,0.107657008104213,0.338862173490603,0.161473139055474,1.47515235234816,33,11.049267279217,0.014272779532671,0.0139244876174629,0.298256956042256
49,0.381515570152691,0.424604770346298,0.0511573891450511,0.3026196721863,64,104.840887578274,0.0182079591361154,0.0183274313463829,0.426357469092589
50,0.348176499581151,0.199506203339007,0.128337281110748,1.70210386873591,51,147.662045380776,0.00775553675847128,0.0185902753420267,0.654922981270589
51,0.578077111265669,0.387622606326141,0.140284060616777,1.90949394659186,65,109.600239633839,0.00988611454214901,0.00300516757583246,0.119920248089358
52,0.874132527348958,0.481985227572033,0.0858958960486064,0.68395925289127,39,112.123847518768,0.0150594932911731,0.00866095776794478,0.497279208291322
53,0.635324667693116,0.235714426434767,0.0365332830998162,0.618062055042386,23,76.1363804833498,0.00404841725229286,0.00897176828935742,0.612704531694762
54,0.598521382667171,0.28308547288043,0.0865753790115612,1.59689625527672,87,123.599542157049,0.00519935674097389,0.000282364206546918,0.425252172137611
55,0.295801993423142,0.151485672681737,0.0895614185138885,0.967892157077929,34,97.1655910145491,0.00298424471100792,0.007483090767432,0.452550977813546
56,0.638794144401047,0.396508101195493,0.0496748048856389,1.93361021293816,38,117.85263456353,0.0191977442866378,0.0189605520077515,0.0214905368643813
57,0.288912762311427,0.0577872614289634,0.0618156562320283,0.719340253496077,59,89.5979094460141,0.011710431965543,0.0183189934959356,0.0753104404658079
58,0.102225847970555,0.354002937955405,0.116228514384455,1.03361836468773,54,138.735724667413,0.0163390559625067,0.0141628759461176,0.190251925120596
59,0.384160031415848,0.14744446872666,0.167160065758508,1.33263432393856,37,141.186155822477,0.00694980331094935,0.0179051655707601,0.737046041790862
60,0.268608814071305,0.494830072843931,0.0683476099704905,0.450204008782841,49,92.5143735467456,0.0152987146191206,0.0124059230274335,0.799894798561931
61,0.535477833525324,0.159744482715898,0.197057684655502,1.19848426471944,49,9.81201071476098,0.0152169718314707,0.0135841899297386,0.0338653215975501
62,0.134046843918972,0.0609036906249076,0.0466422724765353,0.71159046346359,80,89.9308176826453,0.0133060618006811,0.0109847457399406,0.0980684144967236
63,0.838363238756405,0.116023957848744,0.161088280460928,0.216491833456513,46,72.8233298962936,0.00848326890139841,0.0131695421219803,0.929308083064389
64,0.93963163152989,0.125148223694148,0.0434845662434446,1.62477514413851,40,80.347552448418,0.00702195160322823,0.00535115048172884,0.54668447528081
65,0.881058493903978,0.230899010490249,0.154027227154439,0.351532393564656,23,56.2891412642319,0.00252295680831186,0.00476653496492654,0.0547922031753696
66,0.708917495968891,0.37487707579812,0.162250507702627,1.30640868494017,86,105.383392368187,0.0197073726176936,0.0167703171350341,0.742175089971162
67,0.897097412273754,0.299321117321053,0.126755623748074,0.551337614157237,54,48.4487280285219,0.00926540145049803,0.0193096167908423,0.429023830947
68,0.431789054145012,0.33704687055991,0.105284251965056,1.00849852816034,41,66.6552209871356,0.00139950955473818,0.0131269963882398,0.529146125033498
69,0.331508488735789,0.458266363268103,0.0545464701676834,0.850898849192308,72,74.4600364948623,0.0164783364335168,0.00825442383919843,0.796189925786108
70,0.805817499622842,0.303817914657104,0.0214550249920366,1.06865484428932,79,86.413470483874,0.00181600424919277,1.11979606561363e-05,0.56665120172035
71,0.918947264793096,0.403974660222549,0.0967378838973446,1.15345903566293,69,121.912637304794,0.0154144624925125,0.0176416737400647,0.50195821174467
72,0.810770397100085,0.171786432496957,0.174472435431653,1.40852320049312,38,27.9837992748013,0.00705383711155504,0.00945988483366557,0.0726028387709521
73,0.969283342506876,0.28910001728463,0.187449729529349,1.88231997272545,54,148.889511190611,0.0181441602552403,0.0024429941657465,0.925540718877688
74,0.817891334466497,0.234678721147911,0.0419998388152244,1.41726410284047,59,44.1701680166647,0.0162132063804101,0.0180019527134765,0.70360389669938
75,0.663314139067102,0.18679330330784,0.0888335358369723,0.295053982615704,52,143.571993141132,0.0134984496589005,0.0170105273328815,0.065447991585359
76,0.936102474699914,0.255761052640448,0.174606236422756,0.642900447035395,36,132.944790315069,0.0170651123511419,0.00854320989117026,0.244130623366218
77,0.591244557518093,0.150579967868645,0.0974569272612175,1.93080341415945,21,27.2949359140825,0.00237140870741569,0.00140123349156231,0.362465790218674
78,0.528469206605526,0.106984210336716,0.0520609457046539,0.195470096332068,44,139.423752365448,0.00259563586238772,0.013394860797096,0.77667957284255
79,0.963116303060669,0.328892536418117,0.157824656997835,0.980557904077135,35,107.479093553871,0.0166596893504634,0.0148311843945924,0.678139113400597
80,0.791389321890194,0.450890482732481,0.0264989512443449,1.50307673398582,29,47.9854246290168,0.00793008428856731,0.0106832764805947,0.289405437988229
81,0.313430230818549,0.191206782403239,0.0180120014863461,1.5066043856537,30,130.663141955319,0.0121220510821044,0.00438902408066206,0.571579573254101
82,0.787788661812805,0.498014242543275,0.108247095999103,0.380414232147299,75,32.2171227289829,0.0010819942653738,0.0138837345176097,0.869471998380497
83,0.17742215811885,0.427364280208666,0.100223524185629,0.324312875569332,79,25.2641071020858,0.0198738351720758,0.0142257501127571,0.739079228424002
84,0.274977420563158,0.400446727886326,0.0825027282114653,0.919447830840526,62,60.3939543366199,0.00688042850023136,0.00856042150530033,0.830304757792037
85,0.161634644286335,0.251861790059945,0.0283250659786025,1.0922984888114,49,7.54619542218279,0.0057963810286019,0.00069845463947393,0.939587530715857
86,0.710363183743646,0.217651305206539,0.186737269617664,0.752438621847471,53,127.764160896605,0.0124308595899586,0.0105586087250151,0.688222755671013
87,0.726769499144563,0.464238846703968,0.124923340412956,0.346375678345188,88,62.4150756992167,0.019205051838439,0.00235032454800792,0.326419421510771
88,0.737304335153336,0.475818697311166,0.0729558501271205,0.872938607104542,56,12.5690224375343,0.00734237224268727,0.0121412265489437,0.978569169025868
89,0.82351251507923,0.0410181060269754,0.150710649544233,0.852980980311101,93,131.761500613508,0.0163754885971267,0.00570294031546451,0.254773599537089
90,0.32619093837617,0.415993653645739,0.103824313966846,0.74871804232304,62,54.4079193374841,0.0174730670181755,0.00599714452374727,0.787555053328164
91,0.943560701888008,0.168121562263886,0.0424275999591406,0.616726578742033,75,116.730100147426,0.0195209179428313,0.0160506270946749,0.160060669104569
92,0.816361422752915,0.0666490515935142,0.179497846103404,1.57536117849955,42,67.7083706791978,0.0101254671801254,0.0097946496519912,0.357817539802752
93,0.276804518235195,0.260049953547539,0.0934645148030715,1.19267136294893,34,104.207550399704,0.000529043766828254,0.0137088165877759,0.933632294617593
94,0.903312984523922,0.434604435361046,0.170173239110601,0.103011358405277,57,59.8434378914069,0.0172400108936988,0.0198359250933118,0.86380154723255
95,0.138232415709691,0.0156125287211826,0.0880468445317633,0.509264788047783,44,46.1185732213547,0.0157674912413862,0.0166790140968375,0.309491709252354
96,0.11873154074098,0.321642561094458,0.0241271611522324,1.83530484187482,97,39.6228297677357,0.0129257127106283,0.0124409134351648,0.934097022236325
97,0.627524902473716,0.213938414634974,0.0537964662521798,0.67233454587846,26,105.676523386315,0.000815850005345419,0.00705915098893456,0.421519463993143
98,0.706358709512604,0.306479288649731,0.0290169702269044,0.846102524668397,22,135.041910056281,0.0125540006422251,0.0129464162409864,0.379622804625891
99,0.808369225419545,0.233431044803159,0.190983012773748,1.02086030260883,67,30.8374678472523,0.00980136142558418,0.00332945105445571,0.76186707789218
100,0.120283584850188,0.0692362385304505,0.0757297221398633,1.51174086980401,77,95.4316400194773,0.00593173763067462,0.00221473257771693,0.275312912327703
101,0.562931857328769,0.0813627513818257,0.114574866505587,1.94394806483947,78,96.3939897021744,0.0161238190582953,0.000457994903419167,0.179563039570116
102,0.999009960591141,0.198533160286713,0.0678368774805451,1.95782551705507,90,47.3905352635542,0.0128789304819424,0.0149731077357195,0.147718936717138
103,0.744987798674637,0.173456751675927,0.0104647179872589,1.42900561722629,90,138.330030002841,0.00038875388186425,0.0151367265372723,0.958678800598253
104,0.59319913747157,0.114994484008816,0.083612421329664,0.648828039676044,53,111.040782388835,0.0161889864716865,0.0184627302500326,0.879031276640482
105,0.391011194014223,0.06240835272355,0.17767741071146,1.59780189239676,26,84.7162059671944,0.015028778205812,0.00171173089463264,0.116729456941597
106,0.462262356659491,0.333246764547797,0.0534168434479181,1.09111328890831,82,90.9484749769326,0.00718815332549624,0.0141487498850375,0.897338359275367
107,0.157639360606344,0.300800750411758,0.198816024754308,1.14232879847572,52,143.935320485453,0.0159462687294092,0.0111091279342677,0.751828250155319
108,0.843960119567579,0.381186159515646,0.0828850102036027,1.86419133961853,87,120.397933738888,0.00777275235520676,0.0137917776864208,0.963592844077852
109,0.23452736302386,0.23382550083023,0.177420510192639,0.624120525941206,34,127.304209014913,0.00015480785052292,0.0126576030575391,0.584514519019052
110,0.476023641896108,0.335941114235609,0.136413875802225,1.12819648974165,81,146.633016995271,0.00923018732595257,0.00720508621423505,0.502340142060071
111,0.518701039152965,0.410692548700883,0.0267496305896342,1.1505147765955,42,111.306237804098,0.00314782266373746,0.0105732329464052,0.983754834805615
112,0.975001703703357,0.442224798524147,0.155273917117361,0.446550405162107,55,22.2529901542934,0.0148703805937432,0.000932813956793398,0.300146840201225
113,0.742490845843265,0.377546089149937,0.155648814733485,0.773935993470578,52,72.0521290753735,0.0178224636363238,0.0181442678130325,0.463370086901356
114,0.400158250305615,0.398204361674655,0.0152867950893473,1.19638303009165,45,33.4655443123542,0.0112493594321236,0.00294966390096582,0.873901576932054
115,0.693063506531762,0.279898497671396,0.0129600991632603,1.09962196059078,35,138.260928252968,0.00423069836383685,0.00993617819688283,0.600381611164659
116,0.82607367039253,0.401486418985375,0.153287355706249,1.48118748703394,71,116.489797561755,0.00187636585859582,0.0146770335786138,0.876874804426916
117,0.958653622912057,0.463559561714004,0.0247097682938539,1.18902905673902,95,117.274946993007,0.0185651198953204,0.0186382675973512,0.295373054915573
118,0.889433392170258,0.0386482441523112,0.158736910977489,1.18100979808853,78,123.939093238651,0.0194057714053243,0.00933031307590194,0.397699372697622
119,0.414107846248429,0.484306462709704,0.193607943737092,1.91754319256684,53,83.2353062903043,0.0130443465475738,0.0129720889377967,0.681415481349919
120,0.864203056211118,0.017129442556412,0.132272851336575,0.533030881252605,26,35.7651988007594,0.00890608739728108,0.00513493983584456,0.0662768623512238
121,0.418036454175273,0.435760210086103,0.11995586626038,0.287566732398327,38,74.2269891500473,0.0104149200214259,0.018864914377993,0.438809668559115
122,0.171385134490766,0.108912819814896,0.0261454544117581,0.485182982236892,33,28.6304126776988,0.012710684400443,0.00831013862912543,0.0169542787987739
123,0.849999395355629,0.469889317704146,0.130087995676626,0.385101307669003,33,119.684210217814,0.0110254176187888,0.00922882097339258,0.774155299285427
124,0.569044271762809,0.402414436380877,0.143926922211139,0.759747685877746,89,6.29145423711743,0.00835548180536367,0.013063257925557,0.111930273998994
125,0.199716384869907,0.407115066406787,0.16081659941406,1.990447669084,42,32.0946663772222,0.000952375354878604,0.0194716161879525,0.222691978446674
126,0.933855349457171,0.237926318293549,0.178942034413,0.704772825210122,23,100.266820764821,0.00880704960313626,0.0137485444959253,0.556639240553137
127,0.408476202296419,0.447317628945634,0.168324760607081,1.95865320158303,96,74.7639776441501,0.00660232426153496,0.00133756093814038,0.198095327564515
128,0.308146535963705,0.485381350655598,0.0723671920825495,1.86711211222536,21,96.7778749238933,0.000499508934728801,0.00453706253847107,0.800953065975104
129,0.38932755662445,0.0359663634467218,0.0143091066501755,1.00518155056378,86,91.9567825236591,0.0091380704278592,0.00137098980369046,0.321364168853499
130,0.65316865238566,0.0234599061144516,0.0304778161418298,0.660297735639568,48,128.97157330506,0.00346645474680699,0.00863213614711538,0.0222704510199837
131,0.332395587648219,0.253918953012046,0.0317557214839337,1.51995498290714,94,140.215850253263,0.0121158374660742,0.000663914343742654,0.598179913039785
132,0.284062651474914,0.249221915476043,0.157123123446042,1.50106281918422,20,8.8974220436532,0.0155774352976773,0.00652978624795564,0.960815853524953
133,0.538103548349813,0.473982195701241,0.0720553797446936,1.82989934918429,40,94.4227665759623,0.010274179236833,0.0128030221470259,0.175741781053133
134,0.204300129715074,0.208302037860481,0.159096606301637,1.84893794920756,97,65.4638811607612,0.0125771332911495,0.00520447430474684,0.0117425139439292
135,0.29670153505248,0.385745506305541,0.199110451746471,1.81203548621219,68,5.96100383440498,0.0145304765095096,0.0165374211181607,0.000104992475360632
136,0.155963934670808,0.466243664319208,0.152764306149515,0.679407862771396,33,8.26746397451498,0.00218101640319452,0.00226351917560212,0.865693314886652
137,0.698791069749091,0.417058944286373,0.131129739997722,0.340884998453362,30,39.4579629291315,0.0169536910064332,0.017054930264391,0.86666683309339
138,0.759567751262989,0.475226332855257,0.100843288633134,1.23789450298548,74,99.5048073041718,0.00467981962982565,0.0195841415910702,0.534180013445672
139,0.136322005837411,0.132701014104201,0.0737928884227667,0.43615533726383,51,81.1024430180434,0.00822381200936623,0.00146858706526458,0.361332934065256
140,0.271995668891584,0.244040018852688,0.129595904548373,1.87148752812268,30,114.020302415569,0.0015117915653158,0.00528562401128001,0.375503762466833
141,0.572884162709164,0.0830450326379808,0.0209468389482843,1.0977060877549,63,80.8083206938114,0.00224761257483624,0.0030502058736328,0.0708207322047092
142,0.439041036399687,0.0401765553682251,0.107548847103049,1.74786136030429,88,143.207124242093,0.0173591864912678,0.0142532138992008,0.417121556607075
143,0.70736281678169,0.143938065866111,0.14939863046532,1.80742401191136,97,13.842469353159,0.00208775534300134,0.0130862742227502,0.436179607745726
144,0.334354763597436,0.146459552977057,0.0983862550760293,0.965112775971601,94,0.670482188137248,0.0115762108281255,0.00768484764510766,0.290409592623357
145,0.622749865482748,0.326959391535223,0.178372550325631,1.29929422490746,90,23.2951125209453,0.00453161465899088,0.00485364165066741,0.456839362201747
146,0.513084045413602,0.104572747742869,0.0898613046845095,0.266062374124303,64,79.6801301131491,0.0144876841263752,0.0161015896273125,0.509734991597943
147,0.473652075390937,0.0853068588060327,0.181832442240277,1.57894992060489,25,12.9150625294307,0.00650105246495456,0.0109551248763036,0.314565240362659
148,0.481606194474129,0.334655421560034,0.0542348323222017,0.756948487386946,33,68.346406216803,0.0168004459918477,0.0123577119717002,0.27865244124271
149,0.385210043806257,0.139007388280896,0.121151873556976,1.72267569056447,36,139.564846951235,0.0134324266826641,0.0187616710237693,0.337187802354805
150,0.260810150310257,0.236612015216919,0.147682782653081,1.46456031491174,76,14.3768066619057,0.00367043663258664,0.0102462495125271,0.385040113149676
151,0.789401889619604,0.186276062411196,0.128048707681387,1.07256449321117,33,129.219877188164,0.00495824267603457,0.0106540736524109,0.561903159338515
152,0.44352966647963,0.14598721268734,0.0322289373036381,1.01264358453765,64,137.869056000863,0.0190766407706495,0.0182047841191944,0.660634510155302
153,0.885730923950067,0.321487348712333,0.0353225919466699,0.949706423499342,92,52.530730650248,0.0184565503019281,0.00406464008817449,0.89217729765689
154,0.341201723572006,0.135984100511745,0.125974984805132,1.373432111111,71,79.0077334996546,0.00197109261903912,0.0110570553607494,0.260007789848372
155,0.713234068471054,0.189125670528249,0.118442731762128,0.596313048936054,20,74.0784092031419,0.00283872827249579,0.00911276946151629,0.677965000673663
156,0.125390145791881,0.204900371829611,0.0366659697141638,0.67700210524518,58,66.9192755533615,0.00928351380317472,0.00665991876510903,0.705654104447924
157,0.254786407091515,0.0498931570640439,0.188157159876064,1.56958841557116,32,107.72624069138,0.00476587621976621,0.0126181250830181,0.664478367656004
158,0.771125560795469,0.180182555123949,0.0565700955687976,1.47116385304267,58,68.8054975569248,0.0117618254512735,0.0157860202616733,0.313552484949585
159,0.91001151959151,0.44539672229941,0.0153237424510205,1.06231360808816,96,140.765080287005,0.0112989491409995,0.00410167367654853,0.805445080440026
160,0.552675608220464,0.431111497795498,0.0883082126871822,0.426560814104555,59,1.52731765697245,0.0175504502013605,0.00207213179179467,0.408441454240121
161,0.525029203369794,0.343886858237782,0.0500259772552131,0.761883933858015,70,103.819291207404,0.0103521406930219,0.0100415152119007,0.401974472843576
162,0.122991028884612,0.359906191013898,0.110546633150596,1.72760107691591,31,39.0166587933199,0.00581654866252094,0.00966607839539647,0.0938262085551396
163,0.174216737286467,0.046441280529052,0.169076499367356,0.841831998940138,63,34.3097796542337,0.0106413584800717,0.00536915284020826,0.518884679066483
164,0.444526415327052,0.133567235835427,0.0490288849166548,1.94284878816037,70,125.467551226099,0.0156435770879127,0.000836017974792048,0.367288056568243
165,0.744399027706776,0.228082821652615,0.127316899459828,0.177337363715889,65,77.6063251119806,0.00509729428281076,0.00291043403639458,0.049780363142956
166,0.941350055378955,0.444822949823132,0.192949425584734,0.502299476277083,93,113.098704567784,0.0142225833735243,0.00216165723307058,0.216083176302258
167,0.251347101182351,0.27549597995969,0.162860815130575,0.912443611051328,34,47.500872870977,0.0132649294445943,0.0148740931025706,0.162994529285468
168,0.68182820272753,0.324931392679038,0.143120090519264,1.24163338560718,26,106.655958182202,0.00424616885607131,0.0120502376023121,0.825285543997306
169,0.368096452926612,0.451972491947892,0.0170796055233059,1.04466192121981,27,87.7164477044949,0.0155007645842899,0.0084837902944535,0.182288933456875
170,0.208728564052237,0.131954334641318,0.0408623779320065,1.98847957774219,89,123.792988028121,0.00325630510728806,0.00282939620458521,0.977544627992902
171,0.259893575063627,0.425977597889607,0.058756937384163,1.48477778940019,94,99.6817994342186,0.0087165152929537,0.0140164612150285,0.203899450224824
172,0.977968551227078,0.384917175509362,0.0551015420665965,1.52710016675508,45,64.2035701156827,0.0186152067196555,0.0151126232235786,0.166473928491585
173,0.71854266540911,0.121130994203533,0.168757458387255,1.24512094683265,63,71.5514958363958,0.00964935116507113,0.00960145738433115,0.791873395656701
174,0.57990076442603,0.0673199892915413,0.113682883857968,0.252678159869323,71,61.9289705315838,0.00416131326162256,0.0147813609990012,0.276189785181079
175,0.690143478457537,0.446262980743838,0.0119085690871021,1.95025692055435,20,59.568365489901,0.00568693569076247,0.0108097210925538,0.646054191883188
176,0.3123151265739,0.257852636244735,0.0328924645521259,0.389502421789756,93,144.710873615532,0.015875565395439,0.0144470567561872,0.42233422910748
177,0.504342927353643,0.215943925115946,0.0401888839064911,1.89809079084699,69,11.1595724120736,0.0186878968856391,0.00442866487063468,0.239514532954898
178,0.905122409988288,0.184880453161951,0.185730641600806,1.43946922779833,95,88.586417544214,0.0116174966210127,0.00361614336431026,0.611435821088962
179,0.890919733059686,0.286647880608472,0.0528688274431741,1.08394736754866,40,92.8079421110451,0.0193454250729084,0.00376574378084391,0.668972915145569
180,0.387931836638413,0.315114864839725,0.0989717233944498,1.99695913907518,99,145.50064866906,0.00525713587606326,0.00907841140208766,0.971802096657921
181,0.105496742190514,0.326340409389837,0.194764414637894,1.95329079747722,65,101.317941598501,0.0038852868284937,0.016931489651436,0.71785900264699
182,0.324142553866701,0.289981370647093,0.150312701569442,1.99474302317323,80,115.117734435853,0.0105926679496281,0.00645971030321904,0.912733774917666
183,0.995415081450343,0.313763147343271,0.137896296897861,1.28986964258119,93,36.2328988698777,0.0152536556696147,0.00382878345815465,0.0808865713085979
184,0.456667628287943,0.122706908226619,0.190621261698268,0.818631472641555,27,43.5901389455656,0.00458839219948277,0.0168856559396442,0.949413380490616
185,0.11592847237275,0.265485221374785,0.0229671057128906,1.74494509835481,76,41.2905572238145,0.0141152475067787,0.00671481942640617,0.812548540148418
186,0.299604135746881,0.0221925439276453,0.0915304438866163,0.1266527393125,39,83.0565477667144,0.0110812832992431,0.0191182493146602,0.642743890324607
187,0.530300407644128,0.405376908223284,0.0377732133214129,1.61848799206903,87,148.715142860007,0.0121958700223826,0.00793848076566122,0.347459748096764
188,0.539202423315495,0.386741481404901,0.135679040471334,1.45289510644204,28,57.8564974370878,0.00615776492996141,0.00488256371663883,0.405167484255973
189,0.836929908822151,0.0247784055636404,0.167460309308535,0.783804485853482,23,122.751107005309,0.0177507312043663,0.00755511397830211,0.641030192438047
190,0.948737856611284,0.308884456394389,0.133180858156336,0.194315113806957,67,16.5917072667042,0.0100437022858486,0.000240780264511704,0.837251854505856
191,0.546066093779123,0.222789588080235,0.0338734863860579,0.483786392192822,77,38.4944252383662,0.017602796590412,0.0199368409758806,0.632847399020102
192,0.5195228210242,0.273202759558796,0.191812287979666,0.205746495484607,46,119.993002877966,0.00951028965637088,0.00181661186792888,0.241693221055437
193,0.269244277827628,0.422528559114877,0.0928412771870708,0.777365528051602,34,49.1489675867837,0.013852183306776,0.00600185239666142,0.121222446295433
194,0.329036606317619,0.302382948487294,0.198117679590117,1.63246064292183,42,55.4116694345372,0.00430873822535388,0.00273143440909684,0.715539037229028
195,0.842242870474514,0.0894065443235403,0.148159979185355,1.21569038931839,43,82.3244228960015,0.0151675619820878,0.00680088056488894,0.0258216324136592
196,0.32792876520874,0.359066293820315,0.094052511589434,0.993285728206579,84,38.8345573914936,0.0160143793349713,0.0149597196730878,0.387118086178321
197,0.469900534021528,0.0867556136799231,0.160122137673292,1.24861287128674,75,55.135395749216,0.0171264954330027,0.0163328875247203,0.13848368222313
198,0.93795673153908,0.44191280015815,0.172725554099353,0.268092172481492,44,35.1185748804593,0.0120403273699153,0.017740321436571,0.569455026004463
199,0.395629240959091,0.392439721369948,0.146929740131102,1.42473984227474,24,146.192095318297,0.0159688399847131,0.0138468413491827,0.224899360676296
200,0.159887294009142,0.0164813191938912,0.109103683957495,0.503106465153815,100,98.3078500001924,0.000418679785607383,0.0163862393104844,0.151992071611807
201,0.951421265622601,0.034563903885535,0.113148757682093,1.32092223719535,73,21.9412575526396,0.0178714245718531,0.00467177816688083,0.122104906286579
202,0.515925017764699,0.192050423393492,0.138847433293816,1.28148417813005,54,13.7114169193665,0.00554699392201379,0.00662743709355593,0.483927953104954
203,0.931376241057692,0.0932842361986916,0.171446723745358,1.02501992692659,24,25.7828266913071,0.00962576734160073,0.00109192605503835,0.994239559257403
204,0.58363665374252,0.448218954207599,0.0607129081416456,0.666177268148167,95,147.310904954164,0.00266323633365333,0.000528276552353054,0.339016181887127
205,0.150806374369096,0.129835882720286,0.173914003812405,1.44751026077829,21,23.9475778425811,0.000740224140388891,0.00913289103982039,0.842407147659454
206,0.750308340123109,0.12381365119528,0.195763887967174,0.631964940050943,73,5.20548506251071,0.0111959532566741,0.00154937682762742,0.214728508524597
207,0.370100113950623,0.0977391999936243,0.0444121579451859,0.56572878568694,35,2.56678721476346,0.0099791807304509,0.00121896187555976,0.319375829408411
208,0.533428495178325,0.488111528497371,0.0405748431063816,1.46190336330575,93,26.7809775078669,0.0124516155967489,0.00371517248623073,0.46587388513796
209,0.237144393024873,0.0514716856578225,0.146459294596105,1.92648559738607,94,149.337175395247,0.0031931866663415,0.0122596257619001,0.27223108989466
210,0.740249697555043,0.0370710899862554,0.16253142556848,0.158007301322883,28,4.46300632527564,0.0035936225532461,0.0062178418484237,0.258084350582678
211,0.433930315496819,0.156984679076271,0.0168323324810434,0.35917516180207,43,101.941530111898,0.0112026256558299,0.000577598765203729,0.148485343243461
212,0.192084017064888,0.364949105681684,0.0614652766042296,0.536711621645279,43,13.4258946843445,0.00968289848432876,0.015738311654469,0.449103108441457
213,0.892130887721293,0.0586645786155202,0.144591213588822,1.71618905164162,83,73.6862504179124,0.0183803889845591,0.00164734792468138,0.257180952954106
214,0.354177509915084,0.342206634041476,0.188715363739361,1.23093535087588,83,36.4263742406387,3.08511086553335e-05,0.0150165863890015,0.674692808697466
215,0.144342985383235,0.283674864072418,0.080150417739558,1.30113570506349,92,72.5708193552448,0.0013139624607563,0.00176997872304171,0.85810165711306
216,0.130593806550559,0.209125046850378,0.0936800023256475,1.59080726036192,55,18.781549531105,0.00408044209479354,0.00617762719461694,0.649507625430357
217,0.781073081704229,0.347669558599987,0.0448030746066431,0.828284105123999,84,12.2711511016823,0.0148847590500209,0.00839078703921288,0.0943087511584163
218,0.677833394414186,0.244824720001183,0.104052870179107,1.31273945584041,49,149.560953767714,0.0114111889353488,0.0125534224586375,0.281877970500849
219,0.603024821982067,0.376733852750715,0.0903832790416805,0.54612618182213,58,27.8993541934993,0.0135746060765255,0.00230334522141144,0.965710974456742
220,0.229943467971217,0.154151412583878,0.118217399520338,1.27391309328545,55,115.439433875307,0.00441808328396641,0.0151916959581617,0.330492233526427
221,0.987651289480133,0.229293208648628,0.0533021719980054,0.881816456923401,25,41.5118107583374,0.0080906485675089,0.0130265898875613,0.207227612067945
222,0.117450289733987,0.262854436898357,0.14210693890187,1.66759924738975,72,0.155707328883,0.00573951186392456,0.0174813686094806,0.544939523097128
223,0.581812525746925,0.305119235715894,0.130648679193552,1.26063418834317,96,34.8258153248113,0.000233263385687023,0.0173338310213015,0.513966655284166
224,0.769575414999155,0.318451746590165,0.0341727652439289,0.241461639471073,81,108.142321084114,0.018074110237658,0.00384605843611062,0.764760928718373
225,0.409899394804938,0.455033467746051,0.0873953584890207,1.78195711468472,34,113.956756762206,0.00801616747702472,0.0108954836365581,0.189227952145971
226,0.24328218420553,0.443860676503633,0.136684775279667,1.22039323699512,91,32.9020247223554,0.0144279103048518,0.0175961504082009,0.0318415572303347
227,0.263800851497846,0.0338675459033204,0.0123160332254739,1.54614959571329,22,144.027284143469,0.0178817965041008,0.0145901990451012,0.218258853960317
228,0.921877192599466,0.210212462125104,0.0945544145190949,1.77872815519865,72,129.823383096932,0.0131338436218537,0.00128021790794097,0.26435707059456
229,0.488840805177065,0.254587643523072,0.0147237609070819,0.608771706047701,85,2.06856046300381,0.0133255172351748,0.0152656992759183,0.403996357080527
230,0.484824698009808,0.344474959006142,0.0555317936147284,0.113014730112301,76,98.8625030826079,0.00534551986586303,0.00606626939096488,0.0516942848884501
231,0.676271409079898,0.109753522017412,0.156647560100821,0.237291610184824,91,50.9740792972036,0.0109599259266257,0.000400296779600903,0.211208816209342
232,0.376864380521886,0.355688224003655,0.175832573000886,0.339020037720352,50,12.7145372787723,0.00530175236861222,0.0104547638605628,0.927423853295855
233,0.778430715253018,0.316282210350656,0.0878137256704131,1.34463477620753,46,71.9330945885042,0.00292526130067185,0.0139719913567044,0.881460673412308
234,0.282138396517467,0.125695598456003,0.0345488588287821,1.05186652655639,22,3.00384633878712,0.00812636323118582,0.012912557909349,0.133096516886726
235,0.835483149499446,0.485155920434878,0.062722406165544,0.903105121453339,31,45.3684714108473,0.0132011228196789,0.00772804409992881,0.0865361269055866
236,0.218033536032215,0.117099924668311,0.105706948492695,0.433415011201287,23,57.2107723137131,0.0149776482175197,0.0043368873416353,0.481352403648663
237,0.945947064889316,0.457202136604115,0.0692976602949062,1.45989818176958,93,72.9812752816826,0.00725545758114196,0.00116742888212204,0.209663496868685
238,0.802936001459323,0.357081479385411,0.129721186313708,0.998068264555093,28,30.2120907432865,0.00512243106194772,0.0191218550198525,0.808063295366243
239,0.650157296081865,0.406568095610626,0.177129942471818,1.73932596588228,61,15.6228240806842,0.0113876822961774,0.00212312674944289,0.526005462760571
240,0.567836368758278,0.340370307570407,0.175499739770112,1.9767786198053,29,70.7568072867114,0.0194403040971234,0.0187325786816329,0.767706030607689
241,0.16987406737213,0.331924141772771,0.0175484565562522,1.69067146085757,96,30.9449161059223,0.0153347217175923,0.0164387479887065,0.671118828313891
242,0.360228159190109,0.34246544355229,0.0390424633008055,0.785770371109061,99,46.3291183051653,0.0143220887209848,0.0111208422466554,0.817077343483456
243,0.201040978529304,0.250903615747495,0.0250612936394894,0.932405878339242,65,14.9984294838505,0.0128220986125153,0.00458341290596873,0.7267671004734
244,0.631431469897833,0.486638489942364,0.195384118247512,0.409709998730803,91,53.6452314393595,0.00565393339431845,0.00744416783140041,0.096370175153017
245,0.436712263771566,0.46119428995973,0.0274108760708012,1.49166805853127,24,36.928883013851,0.00104380086743273,0.0158855391662288,0.0569688253807835
246,0.916563507849956,0.052445793741839,0.132548747191862,1.8590370264845,62,24.2172128837323,0.0188791439136676,0.016191742300326,0.578272730201017
247,0.704051881745923,0.0535654796994012,0.189177059653765,1.87887043979629,74,146.78610248419,0.0052241088704206,0.00493828330057673,0.734294992649462
248,0.75299153168858,0.180610489270361,0.0738411321897339,1.61329078236986,80,142.842553044995,0.0109679538995121,0.00702997548300773,0.282355299660005
249,0.25668326015952,0.181726961402404,0.100801985487984,1.3258625231904,43,95.0442347846227,0.0188931521167979,0.00890138097059913,0.412406729836017
250,0.733451336380607,0.339677524532885,0.0685475882665161,1.7371900405833,67,8.50646909472998,0.0114489172611479,0.0169649278969038,0.141729002526961
251,0.501598400868056,0.309633967199684,0.0658343940144638,1.75185368701397,97,133.228438098938,0.00664906483946368,0.000481634701406583,0.124097292377148
252,0.643698353294982,0.42928502886354,0.197904298477992,0.875802669083746,82,131.165290983813,0.013781057902649,0.0106133019983862,0.992123222180177
253,0.423421324109146,0.0137660983275436,0.131674346852116,1.90381591191283,56,100.662125924276,0.0141982443971094,0.0107408566201385,0.213949538161047
254,0.351307816565409,0.345546760850353,0.0965446856211731,0.696961079744762,57,97.2532724632882,0.0100303892688081,0.00594777046012692,0.393143435504287
255,0.854942107529705,0.323947707754006,0.0769179541546991,0.926491895710584,68,43.403756816173,0.00644295038792305,0.00540893038286828,0.181426477447152
256,0.90109519961481,0.0856295750342496,0.134862608202151,0.399961588323954,56,134.48659816836,0.0189856806904171,0.0125127749994863,0.00956372527126223
257,0.932255500492593,0.12721189209756,0.0855926117558591,1.40514085488464,65,130.129949753406,0.00473747082141228,0.0149095364796184,0.523996145925485
258,0.465930008673016,0.479117081592069,0.145992472278811,1.90519969982752,73,65.3274996800814,0.0157033617143706,0.0032982773810532,0.334558288809843
259,0.663410097800288,0.0418310954151023,0.186686788972113,1.32824243097687,77,29.0648139769211,0.00124702296691947,0.00980697710134089,0.39967146896245
260,0.491199726589303,0.371459277109844,0.145519929709835,0.282258911083546,45,114.473608872341,0.0105227265020646,0.0171665667578205,0.930874361423776
261,0.145066108362842,0.0296050142539293,0.169433026239146,1.53647809362579,48,123.148767808895,0.0143173806814477,0.00833602641000412,0.72867818445107
262,0.650906437083613,0.290910615803702,0.0715380687755113,1.98166359776915,65,51.8274304038612,0.0136607928465959,0.0116672214743588,0.651865441867616
263,0.104817524398398,0.169749338481752,0.0603422603198653,1.48903076701774,82,79.9312603401952,0.0133896694763284,0.0194023744206503,0.292319967932068
264,0.761884094519448,0.129437064849306,0.0959988802480046,0.571112002405245,60,70.2482332818909,0.000911232144543901,0.0143546151381452,0.986720130214468
265,0.871328858356178,0.295554821215682,0.172551558080912,0.444342485387297,55,76.8475499104243,0.00627439777331427,0.0113116216045059,0.0825812916369177
266,0.506474941292405,0.286266342264204,0.0815613362191804,1.71040992010185,40,54.0036354422104,0.0123385771287791,0.0127318051026575,0.635034795559477
267,0.485582975630509,0.46480491865627,0.111304191498407,0.869636990651162,69,113.544367886265,0.0122860598962195,0.0050452235116344,0.752680424863473
268,0.177211321979109,0.373800709640458,0.153665798043599,0.985946678879671,67,42.2315681473352,0.0188201551567111,0.011210810303865,0.442964758972172
269,0.992589822386159,0.384048299903553,0.0453839433774725,1.53156511751059,98,126.176526437583,0.0137026064729225,0.0171032467184681,0.194002312927973
270,0.646317277266644,0.232424862488899,0.10671064860451,1.60907362939459,43,120.831488505355,0.0167398310970701,0.010418321956126,0.710315928986762
271,0.797427508174162,0.242201346965926,0.189509115398,0.363437926262757,68,136.56146560139,0.0070904786875844,0.0154478702768683,0.614107356190681
272,0.630410804385645,0.36755784977112,0.0413685664772335,0.440691503829882,82,85.0520566862309,0.0187980608455371,0.00658542748880573,0.142101561025251
273,0.369427827442158,0.310446260285778,0.0194844130513119,0.840434319303464,36,40.5779814078938,0.0139407571271807,0.0116129953078553,0.486754517688416
274,0.748826580754295,0.29391360517411,0.0369922119993949,1.16279126741928,41,128.232094039908,0.00270250349176116,0.0078493676511664,0.999266284179874
275,0.322761691720597,0.0997401833644649,0.0162866639747424,0.456204721793486,36,117.575552959274,0.00540725327576511,0.00286673059588298,0.636515606069006
276,0.736072228124738,0.245681065990259,0.139349485739795,0.76709568954329,25,24.4108038221486,0.0198170046992693,0.00728613346827216,0.332723838418256
277,0.425340176828578,0.138030175035363,0.161757912517036,1.56533038858841,82,137.493154475978,0.0128929774746019,0.00970497762019746,0.376402100070845
278,0.907981543290801,0.156008428519792,0.0996589858729904,1.97789074766999,31,1.15179987775628,0.00147969790530391,0.0132948292709514,0.52009660368925
279,0.615503542886488,0.409000278115491,0.0562911383449053,1.60785885648606,38,130.473039865843,0.0175673615431786,0.0150690372009575,0.857618623185437
280,0.725387425425788,0.169285474049086,0.172107718195552,1.84328980906154,72,11.4372373232385,0.0160430427743215,0.00191352255522273,0.882287883611396
281,0.188125217419723,0.352933406285131,0.055743077392322,1.67318466955698,64,107.200896577723,0.00300870447910391,0.00637461413844489,0.810646684679203
282,0.717376266859937,0.349637065141127,0.184092248081919,1.17802213722109,76,144.568734370242,0.00858539748881944,0.0177928835085593,0.78109344174061
283,0.142128704373678,0.195272215927732,0.146192899339232,0.461249638140015,61,19.6897629253333,0.00470807388084941,0.00884346018647775,0.078059438996017
284,0.401768765165284,0.239427099607135,0.157021102269981,1.67832165353098,71,120.928095209808,0.0144442896670103,0.0114205647468846,0.814001568350941
285,0.365630079032341,0.492695101152961,0.185378085404467,0.277107636440266,69,29.1582215797389,0.0106150858662929,0.0115454865862522,0.0285065500582568
286,0.112516989646759,0.12841368281106,0.0374791939975927,0.945818739863951,27,92.3794234745437,0.0044826210761629,0.0166937357385829,0.725997519574594
287,0.571197946082475,0.164587827007994,0.0953400127079804,1.0025948764204,90,137.180255609611,0.00044176715544425,0.0111863420969993,0.345114560210612
288,0.613869068137836,0.381740205892213,0.182229332196857,1.18432021903996,88,3.96305031543598,0.00402622384505346,0.0197085704067722,0.171496625409462
289,0.79872406549817,0.433987138852682,0.139717864231365,1.4326540584303,32,4.51886535328813,0.016846210595984,0.0157158114320505,0.62692293577455
290,0.887402524068579,0.274382699419432,0.0280288493714388,0.299815997593198,66,102.960814304114,0.014776523788143,0.00811742043081671,0.833487384465057
291,0.507803051872645,0.158906982237007,0.135039970494318,1.64826287153843,56,78.4086697783554,0.0162982890643925,0.000172095295479521,0.597841111087706
292,0.221028207193827,0.0765403063838696,0.192602078745961,1.35253388777007,39,29.4635686396854,0.00338026554224081,0.0190028722871747,0.388213615937158
293,0.647457977288356,0.226693699229062,0.112518412775802,1.49623850019486,56,149.94136647298,0.00818278638859279,0.0102852161294781,0.719453524479643
294,0.900943172801193,0.142770754162814,0.124352773651336,1.62096737061618,88,9.3573119204957,0.0015675184940733,0.00312552762109786,0.980106107234023
295,0.231656857041968,0.266323279850758,0.103244975317172,1.39186793655218,50,135.869554170454,0.0134719073298853,0.0197259551883582,0.559016162270214
296,0.795177779845893,0.438457898071562,0.179328372883825,0.922988164010085,48,60.247144273133,0.0102858117816225,0.0136303221073654,0.969726926921867
297,0.801612186523154,0.397421442127475,0.0176658261392498,0.412392382971384,68,17.5141952243401,0.018102066259915,0.00510844936669804,0.466534206018317
298,0.919272908400372,0.122514125472284,0.0791996885640826,0.808235990106594,45,20.9233120506629,0.0191410005942825,0.0134300448116846,0.92353545504855
299,0.821320845097117,0.270220294969995,0.0213962570997002,0.9713634388078,46,37.7232066887431,0.0078362067527324,0.00649490027018823,0.459020262574777
300,0.611963345009228,0.153070889511337,0.0998378400774859,0.636449753851443,76,24.7214320807485,0.0130116055510379,0.00587365548280999,0.144482341277879
301,0.454502836792357,0.0456266061861441,0.165127715489808,0.2225911127422,60,106.892052812758,0.000765979336537421,0.00102014968705364,0.554816863590851
302,0.317499323097477,0.408011444396679,0.117794645594568,1.31157413584841,38,88.8258203569567,0.0199734386148956,0.00023315657784231,0.524213497496676
303,0.785589202765282,0.0971264451522101,0.0805078742888244,0.894974375657039,81,7.14381939384621,0.000285508069349453,0.0103678072119877,0.221447844478767
304,0.669988450445421,0.0148602033045655,0.115545680827429,0.524052920125332,28,40.1583102438133,0.00506057509890758,0.0119301846089866,0.821581285879482
305,0.346541036883136,0.19490334953493,0.101507644534865,1.8022710843652,35,69.3182210378582,0.0110546253130678,0.00576521774136461,0.1059130249382
306,0.729560686217435,0.278602842722093,0.0662360005808482,0.479236604283704,68,75.765129621746,0.0189232597446907,0.0119695796775632,0.406211366670672
307,0.155731162364176,0.0962284744457481,0.166926273134686,1.58624097582647,51,139.053482510615,0.0067470422446914,0.00253547283894382,0.484411825745832
308,0.690831398509163,0.394218271343186,0.159775435832231,0.11820561460359,65,64.7757630794775,0.00696866950279102,0.0100339513528161,0.803388440931216
309,0.436439180411957,0.454783713740348,0.148694356602952,0.259977171029663,41,90.5320504579693,0.00584463190262206,0.00193024389326572,0.498544207547791
310,0.302735457543191,0.145166936336332,0.144991944524758,1.25783924232805,60,78.6419487687293,0.00539386918155477,0.00677688054393046,0.770961346798576
311,0.720601933311066,0.272516839741706,0.0646896262710448,0.403739977110829,24,91.2713382455986,0.00263654893469065,0.0091761917263642,0.744985739240423
312,0.527880033466825,0.0785410479815071,0.0764751757581858,0.823577667404665,58,109.457325201645,0.00323928396558389,0.0119030011572503,0.691865286082495
313,0.556661632507993,0.366344014143906,0.147304740531417,0.58970900681247,98,10.6220039968612,0.00940120428381488,0.0147594260793738,0.310537342895288
314,0.249760464352323,0.103271189471618,0.115012503739614,1.38145877766619,77,50.3213166066678,0.00763702278748155,0.00842881261012517,0.990532217239961
315,0.24127892751866,0.301061694247397,0.112145594688752,1.36277620218839,43,76.7166815876495,0.00561431700107642,0.0195394668153487,0.492511070168577
316,0.319904393058689,0.256288676195005,0.119061184589434,0.560996305372193,85,97.839249851089,0.00546560652877204,0.0160123734498303,0.82842335650418
317,0.336641631809669,0.393328138485644,0.0624293910958525,1.82753005516618,69,14.6878818674711,0.00893850249857642,0.0112551725646015,0.65247157489974
318,0.972773009520536,0.284552617530231,0.0971781151241111,1.85487361883847,47,2.17180112181231,0.00721587554131635,0.00580091977422126,0.721587028791197
319,0.304561556205107,0.207303193090037,0.134624597989917,0.651795732891979,96,1.21063744544517,0.0141313327282015,0.0161515362592228,0.0461685099033639
320,0.923048673880659,0.312106390508562,0.159421534465286,1.35919983154042,66,86.799093239964,0.014705676677078,0.0127945723210834,0.944906077332329
321,0.306819666519947,0.072486778011932,0.0326908218301553,1.07640744506386,79,31.303153106547,0.00885490258205682,0.00373935215414502,0.920111963496078
322,0.196202300801082,0.453858824061593,0.0789783593064826,1.68391447279295,27,68.4855456652818,0.00616540141376667,0.0145329650553502,0.352851630839054
323,0.477170766214514,0.327706268756082,0.16322532212046,1.76086629236802,91,18.1783415850252,0.00165944057886489,0.0171225035746209,0.904785706194118
324,0.775011161711905,0.0278957215378759,0.186280892501217,1.38013362678676,98,53.7165793152759,0.00836606106637046,0.0176168918183446,0.709473383150063
325,0.898371589307766,0.048502685840819,0.124733490848271,0.259146827842202,79,17.1613935797475,0.00247165765760466,0.00694096115812659,0.237302438466344
326,0.763192249957053,0.440046500588502,0.0583002663973672,1.17468362188069,98,142.569075181265,0.0177114837034419,0.00547594981344417,0.916477827713825
327,0.867571940968605,0.498919315384352,0.111503556085159,0.22541468144143,49,90.773088326049,0.00622563885291107,0.0191727315957379,0.722597571392544
328,0.340232967776246,0.206908132848321,0.0434340795236873,1.84779588277643,82,110.704191700858,0.0085568494908791,0.0135485319225397,0.0122214235663414
329,0.72167992399428,0.135117261844259,0.138245609565745,1.12076104763327,84,106.192837161943,0.000860774551965296,0.0101955656856298,0.359175384824164
330,0.642011808783747,0.429979748943881,0.0950783698295802,0.625887149062706,92,16.4677226298954,0.00309196339691989,0.0189451255017146,0.540272272378672
331,0.877837403813563,0.163619176973659,0.0689412701581558,1.1104432662019,87,35.6941936223069,0.00715704265602864,0.0180527957577445,0.271867806929629
332,0.292381968662329,0.107261216706177,0.0760053017214406,1.41944913977622,60,56.5661096052965,0.0101078852468263,0.0121943684225157,0.489641948592383
333,0.407263099818397,0.248930546666659,0.128667443183777,1.11295680230227,70,91.7351380867884,0.0049677560733445,0.0196269562087394,0.618692777689081
334,0.215793028862355,0.101825138880289,0.0418811101556383,1.13844492878471,91,65.0777763287304,0.0174202446754556,7.05073200911283e-05,0.61756517414609
335,0.774092963310564,0.368900984036387,0.0349243692369526,0.27268047062261,25,104.600146930455,0.0154591503419168,0.0117838050406147,0.844962943157181
336,0.514581961222645,0.059518606570242,0.118690310760248,1.62926690392033,99,94.011802890175,0.0104902729644533,0.00708041584022343,0.329892153435852
337,0.881510753017152,0.351073953781878,0.0224191881434061,0.367704152041953,47,21.5843966562068,0.00600622660427354,0.0132654106915463,0.431978617490269
338,0.715393326578662,0.0878627587516932,0.023487475640336,0.685311955818115,99,64.150209801388,0.0156159534400515,0.0192685836025607,0.233709522935562
339,0.702308502689982,0.281455552319074,0.120287573357932,0.515146684565442,86,124.843008323084,0.0124973814917263,0.0118574969828594,0.629953791920561
340,0.440464718630118,0.467515181803596,0.0460957873888733,0.689557116097538,40,132.067592903576,0.0157381329805218,0.011518314385647,0.34039855839638
341,0.472128123933868,0.428065095508052,0.123604710376193,0.526286314623477,96,134.380717532965,0.00685308888060041,0.00423426463340409,0.64471308634989
342,0.148351575798029,0.491342729958673,0.189962598059834,0.74135875590709,46,82.0229987828527,0.0150954712203238,0.0182537936162017,0.989643348620273
343,0.207161795477616,0.0801345553796645,0.1023260074026,1.63674509939603,72,27.5780232132878,0.0118773251629621,0.00699556025802158,0.10645713855559
344,0.965372263658326,0.240578668678654,0.110175557840336,1.76630794450683,53,83.5716734070796,0.0140337520423904,0.00344908281932585,0.973782229207456
345,0.358781989434967,0.0375086587849958,0.108465160434814,0.731781818460673,74,85.8957736636279,0.00329074444033206,0.000108610304445028,0.0450087786689401
346,0.846569688458135,0.382780874365368,0.196678535277601,1.28205683664232,21,89.1780125757912,0.00102769216869026,0.00950869006973691,0.900133063570131
347,0.687440554923471,0.415576166240601,0.121559869277105,0.309096760105807,96,25.0816721919458,0.00751725959634408,0.0172821302735154,0.507364785141777
348,0.829294678347418,0.411974454554608,0.070303381371554,0.492944828866702,50,79.3061616988387,0.00939137129249051,0.00526313700567,0.390055457824376
349,0.446935511501506,0.282305037921411,0.157796078245062,1.70368217948945,92,3.80867137473542,0.00770648961824365,0.00172262095820159,0.306390892613214
350,0.348820811677631,0.357986479335609,0.107262099143267,0.132354128189012,61,45.1776609029621,0.00162965495968238,0.0143828382105473,0.168841509949882
351,0.824803388037486,0.403196526495148,0.167740473395516,0.804328239058983,52,58.509759816248,0.00934383665370755,0.0146213258861564,0.712363210706972
352,0.3570189270854,0.330567447306709,0.0228895111291949,1.20530721628396,27,10.2289933946449,0.0129644404423051,0.0193500293902401,0.885495211152825
353,0.633162691420224,0.291305851562587,0.121964454987608,1.67512102737119,92,23.0344932452543,0.0146371971340757,0.0158088039366435,0.10095682318043
354,0.884289993904065,0.0685889604443312,0.170835391946663,1.78658645852385,76,83.7355700521264,0.0161107452167571,0.0166386927268654,0.184236011413392
355,0.19804338918631,0.18354720963717,0.199299974513357,0.109544266600767,55,120.017189685535,0.0149429997584689,0.0125880507295951,0.673723736437503
356,0.914305778482556,0.111394348132154,0.0665799887141911,1.80459880707273,37,68.029110278911,0.0115306822851952,0.0144282958171144,0.0397514052931219
357,0.794533167546522,0.160048846486979,0.184680778303868,1.15999080433901,98,128.665687109716,0.0183097828982677,0.00357127011039294,0.997604044605046
358,0.190725978450524,0.100273689487856,0.122546027683318,0.666459443616122,57,34.7787070534425,0.0196700493263174,0.00401697891335003,0.103734112047125
359,0.927649304446951,0.16610410195434,0.117140611060606,0.420477123741712,95,65.7046270717867,0.0158283154291473,0.00958173480802216,0.455578702748753
360,0.865617201216659,0.0427284509064211,0.0785366099262191,0.573220236085588,56,44.9550838057185,0.00875414220673032,0.0158407115952577,0.622080979709979
361,0.353434295069333,0.0715180402524397,0.0636880362365534,1.43667602457558,32,73.4565324266441,6.64365840051323e-05,0.00627504956594668,0.134933025018312
362,0.840277812316455,0.140652441370212,0.192213195509803,1.92203496940234,57,26.1164993879618,0.01173544502059,0.00517057367856614,0.17739993573213
363,0.449602851402806,0.422950213948698,0.0195503261744184,1.54102274735519,39,7.24306228486821,0.0179941045893822,0.00931558234258555,0.620879887244664
364,0.684577343145711,0.44039552911967,0.125296649493296,1.35513875612197,30,106.378611481539,0.0103906093959138,0.00316326839014888,0.126505955296569
365,0.686449417202407,0.489941155520375,0.187739958179207,0.32045579124447,72,55.8615139706293,0.0127680114273075,0.0117077350978833,0.606876166831702
366,0.573927376722312,0.479437535000169,0.132920105104921,0.510543387130601,32,110.016346907127,0.0166968709002342,0.0057574229688663,0.450282197698951
367,0.204747565796925,0.176375583000896,0.0917270993764698,0.693048750735493,29,17.7152712237323,0.0137581802066322,0.00397013130107895,0.0198330570831895
368,0.123522980570793,0.459949444308691,0.0576035734668234,1.04085539569599,30,30.3287588813575,0.000981923398524523,0.0185481009098794,0.907006882407703
369,0.416040488436166,0.307039524402726,0.0493486255176505,0.865676369107328,94,77.7619812012417,0.00233894368472509,0.0103371677589417,0.0846897540101781
370,0.498550658873469,0.452731407919484,0.0957597134814365,1.0577183960815,75,112.357489958312,0.000166105491844937,0.00845086360949092,0.838006737428252
371,0.978944480955461,0.0938900432791421,0.135780342083913,0.249786336667696,83,43.8755450302502,0.0107374419343751,0.0198950454713311,0.0534043209981173
372,0.180715826040972,0.0556592103063175,0.181137293847464,0.496618352339091,29,8.05973947711755,0.0146482517497055,0.00642671102466062,0.262223340352532
373,0.604262146175001,0.333429761770866,0.183152978216545,1.3388659573128,35,6.36288883220404,0.0037552302300185,0.0168297870246973,0.730625274802558
374,0.859232574192947,0.399315504936604,0.0394435645152768,0.349483768366231,51,95.1547233783407,0.00071111589346081,0.0110258456166461,0.732118932701182
375,0.609890758206975,0.0700160505659226,0.0505653417385928,0.578061955741886,85,81.7228323527612,0.0108836244114023,0.0154867619462311,0.316861553449649
376,0.493941564719845,0.319218101905189,0.073286028477014,1.79358853024826,74,147.035036056302,0.0127357989950106,0.00717334006756544,0.659718499667011
377,0.247664278684324,0.230044223319981,0.0926751761452854,1.89118682743353,31,84.5419270307058,0.0198896982775256,0.000143823457732797,0.550401580195874
378,0.814074038093071,0.21292240138852,0.0775176065023523,0.814596519812895,31,141.50683867957,0.00985414638970047,0.00684409648375586,0.287592739038635
379,0.549299885453982,0.471052235794407,0.0286481175095076,0.125463374799769,89,119.184828279493,0.0159093019707035,0.0183981608629972,0.136686634975951
380,0.766560651265224,0.102405307321991,0.0474636746350164,0.148929720286233,24,145.16813098609,0.00798554955178872,0.00472612719829194,0.395833774579689
381,0.985939624158666,0.205389018679345,0.18510884065073,0.356944047334557,88,58.973814922641,0.00628574239378795,0.0193680182983447,0.114518974835519
382,0.700734714114293,0.0244126395361358,0.0906976481354423,1.91532321188063,20,113.290135819092,0.00277819759493694,0.000974959739083424,0.415216523202602
383,0.373606466463115,0.19673460541476,0.191496892666989,1.33680436169459,52,132.302549773059,0.0173674069504999,0.00248275279346854,0.158312663375866
384,0.128363122087345,0.149332992665269,0.176556851799549,1.60453249573773,67,100.858443809627,0.00900159174141474,0.00740052228745073,0.853104952582624
385,0.256037906510569,0.310948058750089,0.0650296479793964,1.44412906264318,68,141.810889123147,0.0172279115595855,0.0107745183766447,0.0156797608118504
386,0.372810999203473,0.432242859255299,0.104642454562439,0.737345733869122,21,70.1546450937632,0.0148012716666609,0.008238121175915,0.370714331612922
387,0.212136800091201,0.276568737984062,0.0640734253797261,1.01713719754624,50,51.5038091618568,0.00340227067509666,0.0142938438965194,0.792897841575556
388,0.956427333363146,0.0613311959656887,0.180055997120906,1.36969437173442,81,18.5583986330079,0.00957306372804567,0.00161493749535643,0.822840612609871
389,0.981667061653826,0.0452156829456007,0.180889255549535,1.57208483741973,84,136.904462909256,0.00360755543749779,0.0122169725381583,0.763502765920013
390,0.380065680049593,0.0638088354234956,0.171687721331008,0.285747326557292,36,96.2305480819428,0.0123774349739589,0.0146830251263827,0.756870944675524
391,0.494685511268023,0.480915580070582,0.0309668772619357,1.86095856826901,80,82.7074550796999,0.0138874366261251,0.00892187580210157,0.243023220201954
392,0.148761615632474,0.45602478672226,0.0133454680733802,0.180671413765708,97,105.290886892774,0.00010859672460705,0.0155964529014938,0.848207547460683
393,0.723191954002483,0.247573400027892,0.164408048439529,0.539055928702746,87,5.55904667659197,0.00274228895436041,0.00879257642811164,0.153383502681274
394,0.4674475255094,0.268168504484058,0.199815073577799,0.51908304225388,64,87.264565284457,0.00606785626423545,0.0164432527020853,0.0598106933017261
395,0.783809917962132,0.390808578972709,0.164782599524953,0.859721028996911,64,76.4006674307166,0.0084202591357939,0.000842870341045782,0.918056777739432
396,0.293340102278814,0.153795104888361,0.0869832532311836,0.139980192384869,50,127.008639174211,0.0113564017163776,0.00814208787398413,0.536371643236838
397,0.59635335751255,0.219557170010516,0.0985942117265659,0.137825966922473,83,57.9506816126173,0.0171893070256803,0.00429688168939203,0.47870238200156
398,0.608394862392591,0.0193797811554838,0.125564113183557,1.05660829420732,37,26.4368594152853,0.00731449601516128,0.00149652936641127,0.663435306793544
399,0.219640649872227,0.201939826738006,0.0705629632958118,0.542101286136778,71,110.124093114934,0.00385559589108452,0.0194874753651675,0.22680147230532
400,0.8286446700776,0.223911958413087,0.0135932969439728,1.73042185248504,85,93.6974574210355,0.00501013917930424,0.0127095182151534,0.656101564195473
401,0.184771580940858,0.493883416959401,0.193946136287847,0.17192567323125,55,148.107210473693,0.00641033842145465,0.0114698354304954,0.951548897803295
402,0.44752460163841,0.178948730849032,0.0359575785873318,1.27434727814258,90,132.680639287666,0.00907745347974822,0.0181686979162414,0.666121447271667
403,0.697494235016359,0.437567191791004,0.181519215904134,1.04848052101573,37,53.3932870082091,0.0143804960307758,0.0010534030180797,0.0268804898224771
404,0.223386497307522,0.353550453842622,0.152492382954983,1.65040032539219,100,98.5605703665409,0.0151587011225149,0.0140817888590693,0.687515503439587
405,0.973632747741416,0.187402754278276,0.0516741669799946,1.20966029376029,47,4.91823112901766,0.00910972667409107,0.00952219139191322,0.510413259460591
406,0.925065044368943,0.183313943426693,0.0307876734979544,0.728379170736205,29,133.963691012445,0.00737797112068161,0.00367629473798908,0.83406821464235
407,0.172788665968413,0.41811529767537,0.166275660185353,0.21384759685793,86,125.160210204287,0.0135325310982391,0.0164864288548101,0.351538812962361
408,0.247106446583383,0.298801948453789,0.105950903489217,1.64167225969387,37,126.338947936473,0.00231819276592694,0.0101443442485761,0.788906099075917
409,0.290573239686759,0.148720580609017,0.0750568842014205,1.4023443064075,62,101.471931082592,0.00589623158068396,0.000325139950755984,0.562985908966511
410,0.267008499980671,0.211817348060878,0.0813945331350109,1.41455606754548,38,49.2162745704409,0.00380860793541186,0.00872874560717493,0.418103916786145
411,0.847211144961743,0.461962760453951,0.0384368765579397,1.03510107310563,86,46.8792710987153,0.0107074572923407,0.00241695235821418,0.473203330527991
412,0.285531745947292,0.175512381908679,0.0910409097718215,1.69898364792806,77,50.0434082610766,0.001902580462927,0.00445553927653469,0.302655667146202
413,0.500946502176486,0.252077966173561,0.0667921280723251,1.16770526945028,79,57.599418932735,0.00976909594511613,0.00880140825721435,0.875407996544614
414,0.392811983916815,0.41308279141448,0.0276544690669235,0.42942432069825,61,19.0605914881686,0.0122539422294311,0.0117368286011368,0.783887916653883
415,0.41920096948347,0.167207898839857,0.140390990311978,0.744876449382817,70,100.007805169327,0.0037978551313933,0.00790570946295746,0.248069835404865
416,0.747045652404521,0.0510399688354833,0.0676645607417822,1.65899748338587,73,130.917045324482,0.0196224281143956,0.0188341165141296,0.748772243942134
417,0.636451152724959,0.0311269805670297,0.104491491696541,1.5590033109677,81,108.715231317189,0.0197363444897253,0.00940783463245258,0.516466122354381
418,0.109991884095175,0.212446614528243,0.063229388438873,0.938164552121097,66,128.077502184128,0.0063989160503447,0.00630022566349246,0.609953889281955
419,0.378449625479477,0.0792784417436272,0.081825896621421,1.68585165552576,77,21.2228612620616,0.0012236026676558,0.00759460853793658,0.0602908603725955
420,0.135072707283171,0.419475707065417,0.0102977281650668,0.831678766649263,78,45.8152484102407,0.0102066278103832,0.015317972639529,0.87151025385689
421,0.989613284213096,0.0746740310508665,0.110799854309759,0.579671038958104,63,90.0967549175955,0.0083060447087884,0.0121053598148562,0.694134961446282
422,0.426614150205813,0.320237005876116,0.117282165442295,0.63328113287487,48,25.8641985174268,0.0131836289534997,0.00449209620001726,0.253993503216188
423,0.564621816651244,0.42063251597763,0.0629452670252929,0.723596748276194,57,94.7746226734249,0.0165592825308163,0.014050308268657,0.975430774845183
424,0.754894595910702,0.119434575993824,0.0711456681799283,1.75935812744303,60,115.813835581415,0.0191103083962854,0.0186481420580205,0.624632182931527
425,0.543500151298568,0.496018178232843,0.197718498820555,0.470989040571637,42,136.045018531638,0.0197778226035275,0.018912966558896,0.58275747407414
426,0.561559193158802,0.477717769398661,0.015943285775152,0.704146856237017,78,16.8389267481398,0.0130932230310421,0.00554709422210231,0.685870977736078
427,0.30090374813294,0.258274602495264,0.0187468507178221,0.952186847412772,99,134.75870304883,0.00946590885163285,0.00297545062098652,0.040805308423005
428,0.452775109681208,0.419829472844731,0.129135313072964,0.656110425401898,31,142.066495540389,0.00742770321429707,0.00989813406921923,0.758745587940328
429,0.398435531267198,0.131262893774784,0.0257654484032886,0.83410335436021,71,32.5812321883393,0.0147490509428177,0.0138275725858845,0.894339107256383
430,0.588430245932331,0.317089590619183,0.141532063487661,0.165334434190812,69,97.6911625009496,0.0175071203400008,0.0173822480971832,0.00403820008039475
431,0.314649430848658,0.0817235219678935,0.069937220539269,0.162728398479754,61,67.3142970444169,0.0155506309195887,0.0152209969610162,0.795776187962852
432,0.872541819662834,0.0475004300785344,0.0441099144370994,1.28590179075813,89,99.1806348562706,0.00171191992682405,0.00203872966549359,0.364271213041618
433,0.819200858231354,0.330373797184392,0.030119702342744,1.88760661918987,42,3.45185915983748,0.00172660952066071,0.0180957448072266,0.197352887621149
434,0.279095016864268,0.242870339734755,0.0254341078862548,1.13700648498307,90,69.807544295839,0.0170822405104805,0.00503396376723424,0.069861548954621
435,0.214615699941386,0.026871065614284,0.0716842532055313,1.11758012793516,59,116.192247149767,0.0169148400634527,0.00800671541537158,0.410861582262907
436,0.765603138318192,0.203820534018674,0.169877174345427,0.331854179040389,98,15.4122778153047,0.0167826106461417,0.00469024934616871,0.914785490986425
437,0.422059220241988,0.297265698677045,0.122296676072385,0.406727519351896,49,118.290339559503,0.00177569165195338,0.0192194477430824,0.746034128792118
438,0.876645133880712,0.190261806383384,0.183790256693764,0.915890858831536,44,93.3894769086968,0.00755108594316058,0.00417264980580658,0.440087309650611
439,0.62434915122157,0.364381551171811,0.0115802903079707,0.559342686875025,63,81.5756612371188,0.000661298242546618,0.00389814634888433,0.577695250118617
440,0.958575746298488,0.2003671146941,0.182863829444577,0.186450686333887,39,121.592284593615,0.006599359130878,0.0162948182061408,0.574284252622165
441,0.576047702645278,0.477023969823243,0.156191599186016,0.898190601167409,63,110.475998993986,0.0193182750629447,0.00355879393110052,0.957030989664607
442,0.961595271407301,0.0656359442350687,0.158240033811708,0.491240813330281,85,56.9000345678302,0.0136292631123401,0.0128477807974257,0.228823638999369
443,0.674391469146451,0.356398061954286,0.0508728984281141,0.797920896625472,75,2.89082818427123,0.00653500117928721,0.00498273973684758,0.323906886450015
444,0.227487713743327,0.0106991065460537,0.163732996531059,1.51492648590524,89,54.7016085981159,0.0153924640580732,0.00798817023066804,0.297210421014577
445,0.403911071642349,0.262683657211098,0.0109013765676739,0.233607687930157,74,117.988334126235,0.0185074589165207,0.0132196868433617,0.755133552518208
446,0.46080880344091,0.0119386173200887,0.04705989657762,0.331163162615895,38,118.919041502103,0.0177779667328764,0.0179277209961414,0.0363762509506196
447,0.184003624843853,0.346658069125707,0.178087845333247,1.20679563436876,47,75.3152611228405,0.0091927911467664,0.000608615461876616,0.354063611097168
448,0.51202792329262,0.0208971302146511,0.106238860459304,0.320398818759015,98,41.015856799786,0.0190029413826019,0.00804066288180649,0.155074831093661
449,0.523847291821381,0.294480042989096,0.0839432566412119,1.89471298223771,74,43.0716376658063,0.0118348267926835,0.0098675546145346,0.250089764302131
450,0.731046401421679,0.0991216486131353,0.0922444819998648,0.58324728721329,51,60.8804195731413,0.00671134725364856,0.00342829831594601,0.595324224030599
451,0.274500771604572,0.0441604391091876,0.127514279740835,1.1450130685322,41,62.7594441354973,0.00447436028292403,0.019078180434173,0.112635183128063
452,0.362478514447855,0.161138527898788,0.035771343009863,0.599643704832764,94,75.1804798673373,0.0165996977379173,0.00632301277442835,0.446298721255735
453,0.831721067190263,0.120423280573208,0.0316457011592854,0.984849309140909,78,111.83501436431,0.0120058116949256,0.00237636895567179,0.785626824355684
454,0.559785592409596,0.14018602738664,0.164220581206502,0.553971341758547,21,140.052045245748,0.0086104383563716,0.0120220491684228,0.779940681029577
455,0.339119277129509,0.297107274850397,0.0430022719384683,0.905661825003847,48,20.1810415946413,0.0060855658214353,0.00112456343088299,0.985532538853586
456,0.861363488973351,0.0289406104091741,0.0524369513039291,0.144287602131814,85,71.3530583329266,0.00143427356088534,0.00712595361391082,0.940710510600358
457,0.465140443281969,0.469476542755133,0.0891262898860825,0.793617127595562,54,146.085336472699,0.010160476632202,0.0123788433351275,0.0906697307508439
458,0.966986457980704,0.391755565550546,0.0609629037844017,1.58264818346272,80,50.4195312229218,0.00826834683355875,0.0155347396759875,0.741926463878714
459,0.550161529534403,0.378604307366042,0.0572930498547666,1.79060683687371,52,69.0131623863475,0.0180042830222752,0.00609107925879769,0.382769195472356
460,0.194142629494891,0.176996274599424,0.0796799616508325,1.16918961246279,53,112.695599911781,0.00677333584224805,0.0197641566415597,0.854262670774944
461,0.363105105407303,0.323230352979573,0.0237827011139551,1.64489999995725,36,102.397538201418,0.0104597064727824,0.00186606256844476,0.942285215428565
462,0.59384126833533,0.361511978627956,0.101755426491159,0.174820192599855,41,61.535256707808,0.0011996784048155,0.0179623928102665,0.0429044213145971
463,0.496392001991393,0.171542502298658,0.0594452369927894,1.55141960883439,59,34.1245885062497,0.000332873143348843,0.0145091636638157,0.955756347669289
464,0.430928348923661,0.267011922940421,0.17508940365056,1.56086674825097,47,86.2543961003423,0.0122399135414418,0.000772402336606756,0.00228693304723129
465,0.758135563434707,0.246247505566748,0.180286215238087,0.229217927002348,66,88.2639387985691,0.0048962745719403,0.0199758441421017,0.549231944763567
466,0.522957775659859,0.287490512256524,0.115824028030951,0.375438466558792,59,61.4866056720726,0.0108045957212243,0.0115769699135981,0.26854732688982
467,0.85108179339231,0.110371374036446,0.0809015229081362,1.97019995452622,61,20.0051943619503,0.00992237995813601,0.00869242733607069,0.380145860427059
468,0.60752177918232,0.2765036050617,0.0981494936769036,0.395424241020344,67,36.8035828902852,0.008789052497847,0.00424256583781913,0.631868354283273
469,0.656580642422568,0.225747887741094,0.0114035540017812,1.22126514475928,62,71.0708223626018,0.00193200095796026,0.0165890920607373,0.85052535378281
470,0.58779447652027,0.389690564246629,0.0779358068942372,1.29456121199145,42,88.0156214018818,0.0107687019271869,0.00323657866639085,0.193996132855769
471,0.394655421298137,0.499407127505941,0.0452025288289413,0.990029747263296,50,87.5560202257941,0.0119922405965067,0.015927489628708,0.538298966777977
472,0.94972969470867,0.0839757078835415,0.0831124612628715,1.39710909643136,71,103.213540514885,0.018436008651508,0.00614834057194181,0.903474752018694
473,0.64092442451003,0.0127637092865258,0.0599168334214482,1.96517993464391,57,28.3751800281694,0.0039745050819777,0.0134801301983837,0.700334892969579
474,0.584475543394545,0.0548807246140856,0.142832284220457,1.34720097940834,26,0.38507405910641,0.0181864568075072,0.0026423887714278,0.586031936800107
475,0.671374476195499,0.388421063258909,0.086219604892768,1.36858008063314,27,22.5231701868586,0.00954379747100174,0.00480202150117606,0.0354753895965405
476,0.992845465677418,0.268743656061748,0.102670450848774,1.2540945636244,28,66.1606905370485,0.01794938078993,0.00565829857008532,0.342295932083391
477,0.679703963798145,0.0756004380789399,0.0782535753868287,1.02873085885881,44,6.69232253541704,0.0185458020724729,0.0113654776594974,0.891731821410824
478,0.547535782488203,0.372026162846424,0.0591807320806151,0.305429439108772,82,11.9374610048952,0.0119543547777459,0.00263413664535619,0.841287822776474
479,0.153475291104196,0.224651135272658,0.0483301338844234,0.960915103189507,84,84.2322383704595,0.00548099901627749,0.00159523467046209,0.131683732885867
480,0.558796393510746,0.0914102874483308,0.0399938619325543,0.813842239758186,83,42.4410739394138,0.0078623277337756,0.00936430550749414,0.305779176745098
481,0.404475796083361,0.488370883278861,0.107674192423006,0.955361596702645,48,33.141192006832,0.00484771855011582,0.0172493575519975,0.504722781263757
482,0.2098499480661,0.432436220890572,0.131306659022397,0.800627143619768,99,121.228012648062,0.00201610059272498,0.00311157025714405,0.908237308791839
483,0.1128352384964,0.16536410944859,0.144223990923255,0.106967698616209,60,102.788550653751,0.00482112750891596,0.00560933087513782,0.698342951669823
484,0.833860069008544,0.202120717442222,0.19602161784085,1.12296729219784,72,133.533226563223,0.00597245677330531,0.00817154708201997,0.886700238227379
485,0.235333160820324,0.348226110236598,0.137213142624232,0.79143089871062,100,63.7566449719481,0.00284046836701222,0.0136440888424776,0.00661367542482913
486,0.660288926315634,0.19398640405199,0.154816896477737,1.72089789133226,32,77.3771875280421,0.00113414479116909,0.0156149304695427,0.818308783244342
487,0.164154507995164,0.0263843395629758,0.120817217527614,1.96684134978564,49,10.0448906625621,0.0126019101046864,0.015393794663446,0.911342650009785
488,0.599382456206111,0.278515722977049,0.0844850426852005,0.120989545147028,80,148.268246248411,0.0037055827078037,0.00124299053842202,0.474234268731438
489,0.912178141976381,0.222466120227366,0.149077861890052,0.60508935178495,78,61.0522188949864,0.00557408162463456,0.000753155872821808,0.593075486663729
490,0.954800800076313,0.17463447796667,0.141307562233279,1.22836134099737,31,37.4735954751028,0.0119042273424752,0.011347796537485,0.205722832719795
491,0.244149841979612,0.473028507624283,0.112928563511805,0.609277056332026,25,95.7533055966022,0.00335867271166295,0.0156406299244799,0.0634795400388539
492,0.983956198405102,0.0184915357984742,0.0653537728146277,1.4512287465496,27,15.9548366446747,0.0193742338061053,0.004150283156652,0.514693789283279
493,0.804372498183465,0.483200936887036,0.119523742740047,0.38468853159803,47,142.493244904722,0.0173051380352024,0.01965121100761,0.861989774618763
494,0.182120704975771,0.105190803300668,0.0765132300564321,1.13007450341214,90,85.6693920645397,0.008965760508487,0.0034971284039598,0.0881456084386446
495,0.23886442749938,0.197284866663441,0.176356132718627,0.209821533447132,70,62.2234558808617,0.01149650913978,0.0177006221628655,0.246246805910487
496,0.225194634576468,0.368445391988861,0.133519964361098,1.52375744125778,61,85.3824194394518,0.0162783572695404,0.000360738223847002,0.769665734783281
497,0.658107089935802,0.490510333968783,0.0849798172410903,0.893905981599865,22,29.7171698902734,0.0140665069037583,0.0178745709263347,0.266473779457621
498,0.655804446529178,0.112434518530378,0.109719861837625,1.81694475291166,26,108.926336140092,0.0176787780467514,0.0154207152208127,0.806951610049233
499,0.909927073170152,0.0733048415759113,0.102824978731149,1.79784634495052,29,9.08718566929456,0.000588737796042115,0.0198424781172629,0.477730466326699
500,0.536920311038289,0.0893279406174505,0.173714187294007,0.769556604089588,95,131.462451380678,0.0111391217226069,0.017432609945247,0.591556801396422
